 0.000000000000000E+00  5.036586318440955E-02 
 1.562500000000000E-02  4.962773077117755E-02 
 3.125000000000000E-02  4.874488068291843E-02 
 4.687500000000000E-02  4.783358759215808E-02 
 6.250000000000000E-02  4.691251269888518E-02 
 7.812500000000000E-02  4.599004517249553E-02 
 9.375000000000000E-02  4.507111130952263E-02 
 1.093750000000000E-01  4.415945896018905E-02 
 1.250000000000000E-01  4.325782871029945E-02 
 1.406250000000000E-01  4.236802997759595E-02 
 1.562500000000000E-01  4.149122557023939E-02 
 1.718750000000000E-01  4.062818859927525E-02 
 1.875000000000000E-01  3.977946486406720E-02 
 2.031250000000000E-01  3.894540775888219E-02 
 2.187500000000000E-01  3.812626135056282E-02 
 2.343750000000000E-01  3.732210299210154E-02 
 2.500000000000000E-01  3.653288507091634E-02 
 2.656250000000000E-01  3.575840121927649E-02 
 2.812500000000000E-01  3.499801767322398E-02 
 2.968750000000000E-01  3.425125383889600E-02 
 3.125000000000000E-01  3.351631426118443E-02 
 3.281250000000000E-01  3.279183772289905E-02 
 3.437500000000000E-01  3.207523624982502E-02 
 3.593750000000000E-01  3.136411427284420E-02 
 3.750000000000000E-01  3.065682894843830E-02 
 3.906250000000000E-01  2.995144030823711E-02 
 4.062500000000000E-01  2.924766882030766E-02 
 4.218750000000000E-01  2.854524472656074E-02 
 4.375000000000000E-01  2.784474203088076E-02 
 4.531250000000000E-01  2.714738260337045E-02 
 4.687500000000000E-01  2.645375468980090E-02 
 4.843750000000000E-01  2.576430383782357E-02 
 5.000000000000000E-01  2.507920402185828E-02 
 5.156250000000000E-01  2.439817235893989E-02 
 5.312500000000000E-01  2.372120186775139E-02 
 5.468750000000000E-01  2.304845493372636E-02 
 5.625000000000000E-01  2.237995487446362E-02 
 5.781250000000000E-01  2.171565659065531E-02 
 5.937500000000000E-01  2.105551344710381E-02 
 6.093750000000000E-01  2.039945004558543E-02 
 6.250000000000000E-01  1.974744655915987E-02 
 6.406250000000000E-01  1.909949488949940E-02 
 6.562500000000000E-01  1.845558191172804E-02 
 6.718750000000000E-01  1.781571404865744E-02 
 6.875000000000000E-01  1.717969735930112E-02 
 7.031250000000000E-01  1.654719213277348E-02 
 7.187500000000000E-01  1.591751001121753E-02 
 7.343750000000000E-01  1.528997590127858E-02 
 7.500000000000000E-01  1.466392476269847E-02 
 7.656250000000000E-01  1.403914631820893E-02 
 7.812500000000000E-01  1.341531627167227E-02 
 7.968750000000000E-01  1.279212650964368E-02 
 8.125000000000000E-01  1.217771851835417E-02 
 8.281250000000000E-01  1.153451510768087E-02 
 8.437500000000000E-01  1.080143374711731E-02 
 8.593750000000000E-01  9.909235172729678E-03 
 8.750000000000000E-01  8.853087028586127E-03 
 8.906250000000000E-01  7.628343359918919E-03 
 9.023450788305568E-01  7.161840565175668E-03 
 9.077658992853382E-01  6.817071947840631E-03 
 9.183457859313564E-01  6.052411486148058E-03 
 9.286413287036090E-01  5.312634303257006E-03 
 9.385131093545013E-01  4.607148741959396E-03 
 9.478572307376906E-01  3.943984957546772E-03 
 9.566046983156485E-01  3.329112418922247E-03 
 9.646304526626677E-01  2.763284027484689E-03 
 9.719343986732966E-01  2.254459417677771E-03 
 9.784036339516003E-01  1.803081804611769E-03 
 9.839455831526086E-01  1.412319446480015E-03 
 9.885355260861841E-01  1.091345465127856E-03 
 9.920864128880909E-01  8.462221633528435E-04 
 9.941128250620218E-01  7.149521798535364E-04 
 9.954151958353912E-01  6.448475763886054E-04 
 9.971987330453660E-01  5.762002415109005E-04 
 9.994089009612981E-01  5.177708883201590E-04 
 1.002005673530208E+00  4.695046263744396E-04 
 1.004948187775211E+00  4.272972462785686E-04 
 1.008192335607311E+00  3.895688542660961E-04 
 1.011693819916587E+00  3.562550196710691E-04 
 1.015408992009240E+00  3.275615457465592E-04 
 1.019297271468018E+00  3.035613631911286E-04 
 1.023314721005818E+00  2.842521752482456E-04 
 1.027414094013142E+00  2.690009975569049E-04 
 1.031551479824450E+00  2.575706784200507E-04 
 1.035685110656927E+00  2.487366706277915E-04 
 1.039789602863403E+00  2.417153685634709E-04 
 1.043822033750007E+00  2.369203385034528E-04 
 1.047719832444691E+00  2.320538729142501E-04 
 1.051436462079687E+00  2.263781791796065E-04 
 1.054928759395031E+00  2.194316627065350E-04 
 1.058160487917026E+00  2.106969239837408E-04 
 1.061096115365176E+00  2.000519312456619E-04 
 1.063683443567820E+00  1.878313771812040E-04 
 1.065869764598288E+00  1.750202487193953E-04 
 1.067611157001786E+00  1.629112701669583E-04 
 1.068372540351107E+00  1.581286694806269E-04 
 1.079731157710288E+00  1.052914750290447E-04 
 1.091089775069470E+00  7.726669548857027E-05 
 1.102448392428651E+00  6.240238869779506E-05 
 1.113807009787833E+00  5.451837961750270E-05 
 1.125165627147014E+00  5.033671140700073E-05 
 1.136524244506195E+00  4.811876000123275E-05 
 1.147882861865377E+00  4.694236144670517E-05 
 1.159241479224558E+00  4.631840117620713E-05 
 1.170600096583740E+00  4.598745345643851E-05 
 1.181958713942921E+00  4.581191921427815E-05 
 1.193317331302102E+00  4.571881607946172E-05 
 1.204675948661284E+00  4.566943429727514E-05 
 1.216034566020465E+00  4.564324226392706E-05 
 1.227393183379647E+00  4.562935004334429E-05 
 1.238751800738828E+00  4.562198162753038E-05 
 1.250110418098009E+00  4.561807342932093E-05 
 1.261469035457191E+00  4.561600052604973E-05 
 1.272827652816372E+00  4.561490106083800E-05 
 1.284186270175554E+00  4.561431790591295E-05 
 1.295544887534735E+00  4.561400860129557E-05 
 1.306903504893916E+00  4.561384454652691E-05 
 1.318262122253098E+00  4.561375753208998E-05 
 1.329620739612279E+00  4.561371137974526E-05 
 1.340979356971461E+00  4.561368690060137E-05 
 1.352337974330642E+00  4.561367391689514E-05 
 1.363696591689823E+00  4.561366703035416E-05 
 1.375055209049005E+00  4.561366337774174E-05 
 1.386413826408186E+00  4.561366144040084E-05 
 1.397772443767368E+00  4.561366041283774E-05 
 1.409131061126549E+00  4.561365986781959E-05 
 1.420489678485730E+00  4.561365957874268E-05 
 1.431848295844912E+00  4.561365942541666E-05 
 1.443206913204093E+00  4.561365934409273E-05 
 1.454565530563274E+00  4.561365930095863E-05 
 1.465924147922456E+00  4.561365927808036E-05 
 1.477282765281637E+00  4.561365926594575E-05 
 1.488641382640818E+00  4.561365925950957E-05 
 1.500000000000000E+00  4.561365925609583E-05 
