0.0000000e+00	5.5978140e-02 
5.0000000e-03	5.5440243e-02 
1.0000000e-02	5.4922075e-02 
1.5000000e-02	5.4417177e-02 
2.0000000e-02	5.3923326e-02 
2.5000000e-02	5.3439184e-02 
3.0000000e-02	5.2963804e-02 
3.5000000e-02	5.2496475e-02 
4.0000000e-02	5.2036655e-02 
4.5000000e-02	5.1583874e-02 
5.0000000e-02	5.1137769e-02 
5.5000000e-02	5.0697984e-02 
6.0000000e-02	5.0264254e-02 
6.5000000e-02	4.9836310e-02 
7.0000000e-02	4.9413932e-02 
7.5000000e-02	4.8996921e-02 
8.0000000e-02	4.8585084e-02 
8.5000000e-02	4.8178254e-02 
9.0000000e-02	4.7776278e-02 
9.5000000e-02	4.7379015e-02 
1.0000000e-01	4.6986325e-02 
1.0500000e-01	4.6598105e-02 
1.1000000e-01	4.6214217e-02 
1.1500000e-01	4.5834580e-02 
1.2000000e-01	4.5459076e-02 
1.2500000e-01	4.5087614e-02 
1.3000000e-01	4.4720118e-02 
1.3500000e-01	4.4356497e-02 
1.4000000e-01	4.3996670e-02 
1.4500000e-01	4.3640569e-02 
1.5000000e-01	4.3288125e-02 
1.5500000e-01	4.2939273e-02 
1.6000000e-01	4.2593945e-02 
1.6500000e-01	4.2252088e-02 
1.7000000e-01	4.1913648e-02 
1.7500000e-01	4.1578559e-02 
1.8000000e-01	4.1246784e-02 
1.8500000e-01	4.0918268e-02 
1.9000000e-01	4.0592972e-02 
1.9500000e-01	4.0270839e-02 
2.0000000e-01	3.9951838e-02 
2.0500000e-01	3.9635926e-02 
2.1000000e-01	3.9323061e-02 
2.1500000e-01	3.9013215e-02 
2.2000000e-01	3.8706351e-02 
2.2500000e-01	3.8402423e-02 
2.3000000e-01	3.8101415e-02 
2.3500000e-01	3.7803284e-02 
2.4000000e-01	3.7508013e-02 
2.4500000e-01	3.7215569e-02 
2.5000000e-01	3.6925916e-02 
2.5500000e-01	3.6639038e-02 
2.6000000e-01	3.6354898e-02 
2.6500000e-01	3.6073484e-02 
2.7000000e-01	3.5794776e-02 
2.7500000e-01	3.5518732e-02 
2.8000000e-01	3.5245345e-02 
2.8500000e-01	3.4974584e-02 
2.9000000e-01	3.4706440e-02 
2.9500000e-01	3.4440876e-02 
3.0000000e-01	3.4177887e-02 
3.0500000e-01	3.3917444e-02 
3.1000000e-01	3.3659534e-02 
3.1500000e-01	3.3404126e-02 
3.2000000e-01	3.3151216e-02 
3.2500000e-01	3.2900771e-02 
3.3000000e-01	3.2652786e-02 
3.3500000e-01	3.2407230e-02 
3.4000000e-01	3.2164084e-02 
3.4500000e-01	3.1923345e-02 
3.5000000e-01	3.1684976e-02 
3.5500000e-01	3.1448966e-02 
3.6000000e-01	3.1215289e-02 
3.6500000e-01	3.0983926e-02 
3.7000000e-01	3.0754862e-02 
3.7500000e-01	3.0528065e-02 
3.8000000e-01	3.0303523e-02 
3.8500000e-01	3.0081210e-02 
3.9000000e-01	2.9861092e-02 
3.9500000e-01	2.9643161e-02 
4.0000000e-01	2.9427381e-02 
4.0500000e-01	2.9213717e-02 
4.1000000e-01	2.9002157e-02 
4.1500000e-01	2.8792672e-02 
4.2000000e-01	2.8585232e-02 
4.2500000e-01	2.8379806e-02 
4.3000000e-01	2.8176384e-02 
4.3500000e-01	2.7974924e-02 
4.4000000e-01	2.7775422e-02 
4.4500000e-01	2.7577840e-02 
4.5000000e-01	2.7382168e-02 
4.5500000e-01	2.7188380e-02 
4.6000000e-01	2.6996444e-02 
4.6500000e-01	2.6806352e-02 
4.7000000e-01	2.6618080e-02 
4.7500000e-01	2.6431599e-02 
4.8000000e-01	2.6246897e-02 
4.8500000e-01	2.6063951e-02 
4.9000000e-01	2.5882734e-02 
4.9500000e-01	2.5703230e-02 
5.0000000e-01	2.5525421e-02 
5.0500000e-01	2.5349271e-02 
5.1000000e-01	2.5174777e-02 
5.1500000e-01	2.5001896e-02 
5.2000000e-01	2.4830625e-02 
5.2500000e-01	2.4660916e-02 
5.3000000e-01	2.4492770e-02 
5.3500000e-01	2.4326137e-02 
5.4000000e-01	2.4161014e-02 
5.4500000e-01	2.3997359e-02 
5.5000000e-01	2.3835146e-02 
5.5500000e-01	2.3674348e-02 
5.6000000e-01	2.3514936e-02 
5.6500000e-01	2.3356870e-02 
5.7000000e-01	2.3200129e-02 
5.7500000e-01	2.3044665e-02 
5.8000000e-01	2.2890446e-02 
5.8500000e-01	2.2737445e-02 
5.9000000e-01	2.2585598e-02 
5.9500000e-01	2.2434892e-02 
6.0000000e-01	2.2285255e-02 
6.0500000e-01	2.2136662e-02 
6.1000000e-01	2.1989057e-02 
6.1500000e-01	2.1842391e-02 
6.2000000e-01	2.1696616e-02 
6.2500000e-01	2.1551657e-02 
6.3000000e-01	2.1407480e-02 
6.3500000e-01	2.1264014e-02 
6.4000000e-01	2.1121200e-02 
6.4500000e-01	2.0978959e-02 
6.5000000e-01	2.0837240e-02 
6.5500000e-01	2.0695965e-02 
6.6000000e-01	2.0555051e-02 
6.6500000e-01	2.0414434e-02 
6.7000000e-01	2.0274031e-02 
6.7500000e-01	2.0133752e-02 
6.8000000e-01	1.9993518e-02 
6.8500000e-01	1.9853233e-02 
6.9000000e-01	1.9712820e-02 
6.9500000e-01	1.9572167e-02 
7.0000000e-01	1.9431204e-02 
7.0500000e-01	1.9289815e-02 
7.1000000e-01	1.9147917e-02 
7.1500000e-01	1.9005397e-02 
7.2000000e-01	1.8862173e-02 
7.2500000e-01	1.8718143e-02 
7.3000000e-01	1.8573212e-02 
7.3500000e-01	1.8427290e-02 
7.4000000e-01	1.8280294e-02 
7.4500000e-01	1.8132135e-02 
7.5000000e-01	1.7982749e-02 
7.5500000e-01	1.7832075e-02 
7.6000000e-01	1.7680061e-02 
7.6500000e-01	1.7526670e-02 
7.7000000e-01	1.7371893e-02 
7.7500000e-01	1.7215734e-02 
7.8000000e-01	1.7058230e-02 
7.8500000e-01	1.6899450e-02 
7.9000000e-01	1.6739490e-02 
7.9500000e-01	1.6578510e-02 
8.0000000e-01	1.6416704e-02 
8.0500000e-01	1.6254329e-02 
8.1000000e-01	1.6091635e-02 
8.1500000e-01	1.5928734e-02 
8.2000000e-01	1.5765559e-02 
8.2500000e-01	1.5601870e-02 
8.3000000e-01	1.5437247e-02 
8.3500000e-01	1.5271082e-02 
8.4000000e-01	1.5102591e-02 
8.4500000e-01	1.4930756e-02 
8.5000000e-01	1.4754346e-02 
8.5500000e-01	1.4571816e-02 
8.6000000e-01	1.4381297e-02 
8.6500000e-01	1.4180420e-02 
8.7000000e-01	1.3966234e-02 
8.7500000e-01	1.3734919e-02 
8.8000000e-01	1.3482255e-02 
8.8500000e-01	1.3203392e-02 
8.9000000e-01	1.2891685e-02 
8.9500000e-01	1.2541808e-02 
9.0000000e-01	1.2150612e-02 
9.0500000e-01	1.1717038e-02 
9.1000000e-01	1.1241140e-02 
9.1500000e-01	1.0723018e-02 
9.2000000e-01	1.0162925e-02 
9.2500000e-01	9.5619135e-03 
9.3000000e-01	8.9228339e-03 
9.3500000e-01	8.2520580e-03 
9.4000000e-01	7.5620474e-03 
9.4500000e-01	6.8736111e-03 
9.5000000e-01	6.2110257e-03 
9.5500000e-01	5.5932515e-03 
9.6000000e-01	5.0373204e-03 
9.6500000e-01	4.4992355e-03 
9.7000000e-01	4.0035196e-03 
9.7500000e-01	3.5511898e-03 
9.8000000e-01	3.1420417e-03 
9.8500000e-01	2.7748695e-03 
9.9000000e-01	2.4476989e-03 
9.9500000e-01	2.1580119e-03 
1.0000000e+00	1.9029485e-03 
1.0050000e+00	1.6794771e-03 
1.0100000e+00	1.4845305e-03 
1.0150000e+00	1.3151089e-03 
1.0200000e+00	1.1683528e-03 
1.0250000e+00	1.0415913e-03 
1.0300000e+00	9.3236890e-04 
1.0350000e+00	8.3845807e-04 
1.0400000e+00	7.5785924e-04 
1.0450000e+00	6.8879349e-04 
1.0500000e+00	6.2968977e-04 
1.0550000e+00	5.7916912e-04 
1.0600000e+00	5.3602742e-04 
1.0650000e+00	4.9921775e-04 
1.0700000e+00	4.6783317e-04 
1.0750000e+00	4.4109040e-04 
1.0800000e+00	4.1831475e-04 
1.0850000e+00	3.9892629e-04 
1.0900000e+00	3.8242748e-04 
1.0950000e+00	3.6839216e-04 
1.1000000e+00	3.5645574e-04 
1.1050000e+00	3.4630669e-04 
1.1100000e+00	3.3767908e-04 
1.1150000e+00	3.3034605e-04 
1.1200000e+00	3.2411424e-04 
1.1250000e+00	3.1881891e-04 
1.1300000e+00	3.1431980e-04 
1.1350000e+00	3.1049753e-04 
1.1400000e+00	3.0725050e-04 
1.1450000e+00	3.0449232e-04 
1.1500000e+00	3.0214952e-04 
1.1550000e+00	3.0015964e-04 
1.1600000e+00	2.9846957e-04 
1.1650000e+00	2.9703419e-04 
1.1700000e+00	2.9581515e-04 
1.1750000e+00	2.9477987e-04 
1.1800000e+00	2.9390067e-04 
1.1850000e+00	2.9315403e-04 
1.1900000e+00	2.9251997e-04 
1.1950000e+00	2.9198153e-04 
1.2000000e+00	2.9152428e-04 
1.2050000e+00	2.9113600e-04 
1.2100000e+00	2.9080627e-04 
1.2150000e+00	2.9052628e-04 
1.2200000e+00	2.9028852e-04 
1.2250000e+00	2.9008661e-04 
1.2300000e+00	2.8991517e-04 
1.2350000e+00	2.8976958e-04 
1.2400000e+00	2.8964596e-04 
1.2450000e+00	2.8954098e-04 
1.2500000e+00	2.8945184e-04 
1.2550000e+00	2.8937614e-04 
1.2600000e+00	2.8931186e-04 
1.2650000e+00	2.8925728e-04 
1.2700000e+00	2.8921094e-04 
1.2750000e+00	2.8917158e-04 
1.2800000e+00	2.8913816e-04 
1.2850000e+00	2.8910978e-04 
