0.0000000e+00	1.0000000e+00 
5.0000000e-03	9.9962774e-01 
1.0000000e-02	9.9896057e-01 
1.5000000e-02	9.9810823e-01 
2.0000000e-02	9.9710765e-01 
2.5000000e-02	9.9598026e-01 
3.0000000e-02	9.9474086e-01 
3.5000000e-02	9.9340059e-01 
4.0000000e-02	9.9196766e-01 
4.5000000e-02	9.9044920e-01 
5.0000000e-02	9.8885060e-01 
5.5000000e-02	9.8717728e-01 
6.0000000e-02	9.8543306e-01 
6.5000000e-02	9.8362212e-01 
7.0000000e-02	9.8174742e-01 
7.5000000e-02	9.7981228e-01 
8.0000000e-02	9.7781931e-01 
8.5000000e-02	9.7577129e-01 
9.0000000e-02	9.7367032e-01 
9.5000000e-02	9.7151865e-01 
1.0000000e-01	9.6931856e-01 
1.0500000e-01	9.6707161e-01 
1.1000000e-01	9.6477971e-01 
1.1500000e-01	9.6244445e-01 
1.2000000e-01	9.6006772e-01 
1.2500000e-01	9.5765093e-01 
1.3000000e-01	9.5519547e-01 
1.3500000e-01	9.5270273e-01 
1.4000000e-01	9.5017427e-01 
1.4500000e-01	9.4761116e-01 
1.5000000e-01	9.4501477e-01 
1.5500000e-01	9.4238616e-01 
1.6000000e-01	9.3972671e-01 
1.6500000e-01	9.3703730e-01 
1.7000000e-01	9.3431915e-01 
1.7500000e-01	9.3157348e-01 
1.8000000e-01	9.2880098e-01 
1.8500000e-01	9.2600288e-01 
1.9000000e-01	9.2318003e-01 
1.9500000e-01	9.2033368e-01 
2.0000000e-01	9.1746432e-01 
2.0500000e-01	9.1457320e-01 
2.1000000e-01	9.1166117e-01 
2.1500000e-01	9.0872876e-01 
2.2000000e-01	9.0577736e-01 
2.2500000e-01	9.0280767e-01 
2.3000000e-01	8.9982021e-01 
2.3500000e-01	8.9681621e-01 
2.4000000e-01	8.9379600e-01 
2.4500000e-01	8.9076064e-01 
2.5000000e-01	8.8771100e-01 
2.5500000e-01	8.8464776e-01 
2.6000000e-01	8.8157164e-01 
2.6500000e-01	8.7848333e-01 
2.7000000e-01	8.7538351e-01 
2.7500000e-01	8.7227325e-01 
2.8000000e-01	8.6915288e-01 
2.8500000e-01	8.6602328e-01 
2.9000000e-01	8.6288514e-01 
2.9500000e-01	8.5973917e-01 
3.0000000e-01	8.5658605e-01 
3.0500000e-01	8.5342649e-01 
3.1000000e-01	8.5026083e-01 
3.1500000e-01	8.4709030e-01 
3.2000000e-01	8.4391506e-01 
3.2500000e-01	8.4073598e-01 
3.3000000e-01	8.3755378e-01 
3.3500000e-01	8.3436896e-01 
3.4000000e-01	8.3118239e-01 
3.4500000e-01	8.2799426e-01 
3.5000000e-01	8.2480544e-01 
3.5500000e-01	8.2161661e-01 
3.6000000e-01	8.1842831e-01 
3.6500000e-01	8.1524122e-01 
3.7000000e-01	8.1205588e-01 
3.7500000e-01	8.0887297e-01 
3.8000000e-01	8.0569303e-01 
3.8500000e-01	8.0251657e-01 
3.9000000e-01	7.9934447e-01 
3.9500000e-01	7.9617689e-01 
4.0000000e-01	7.9301472e-01 
4.0500000e-01	7.8985864e-01 
4.1000000e-01	7.8670901e-01 
4.1500000e-01	7.8356634e-01 
4.2000000e-01	7.8043134e-01 
4.2500000e-01	7.7730470e-01 
4.3000000e-01	7.7418677e-01 
4.3500000e-01	7.7107842e-01 
4.4000000e-01	7.6797983e-01 
4.4500000e-01	7.6489186e-01 
4.5000000e-01	7.6181487e-01 
4.5500000e-01	7.5874937e-01 
4.6000000e-01	7.5569642e-01 
4.6500000e-01	7.5265601e-01 
4.7000000e-01	7.4962883e-01 
4.7500000e-01	7.4661577e-01 
4.8000000e-01	7.4361682e-01 
4.8500000e-01	7.4063284e-01 
4.9000000e-01	7.3766455e-01 
4.9500000e-01	7.3471228e-01 
5.0000000e-01	7.3177638e-01 
5.0500000e-01	7.2885791e-01 
5.1000000e-01	7.2595685e-01 
5.1500000e-01	7.2307426e-01 
5.2000000e-01	7.2021014e-01 
5.2500000e-01	7.1736569e-01 
5.3000000e-01	7.1454076e-01 
5.3500000e-01	7.1173656e-01 
5.4000000e-01	7.0895291e-01 
5.4500000e-01	7.0619069e-01 
5.5000000e-01	7.0345077e-01 
5.5500000e-01	7.0073314e-01 
5.6000000e-01	6.9803850e-01 
5.6500000e-01	6.9536756e-01 
5.7000000e-01	6.9272048e-01 
5.7500000e-01	6.9009831e-01 
5.8000000e-01	6.8750106e-01 
5.8500000e-01	6.8492940e-01 
5.9000000e-01	6.8238406e-01 
5.9500000e-01	6.7986519e-01 
6.0000000e-01	6.7737366e-01 
6.0500000e-01	6.7490967e-01 
6.1000000e-01	6.7247389e-01 
6.1500000e-01	6.7006668e-01 
6.2000000e-01	6.6768838e-01 
6.2500000e-01	6.6534005e-01 
6.3000000e-01	6.6302150e-01 
6.3500000e-01	6.6073344e-01 
6.4000000e-01	6.5847604e-01 
6.4500000e-01	6.5625017e-01 
6.5000000e-01	6.5405583e-01 
6.5500000e-01	6.5189336e-01 
6.6000000e-01	6.4976329e-01 
6.6500000e-01	6.4766563e-01 
6.7000000e-01	6.4560054e-01 
6.7500000e-01	6.4356837e-01 
6.8000000e-01	6.4156930e-01 
6.8500000e-01	6.3960333e-01 
6.9000000e-01	6.3766993e-01 
6.9500000e-01	6.3576963e-01 
7.0000000e-01	6.3390121e-01 
7.0500000e-01	6.3206501e-01 
7.1000000e-01	6.3025964e-01 
7.1500000e-01	6.2848494e-01 
7.2000000e-01	6.2673932e-01 
7.2500000e-01	6.2502140e-01 
7.3000000e-01	6.2332962e-01 
7.3500000e-01	6.2166169e-01 
7.4000000e-01	6.2001484e-01 
7.4500000e-01	6.1838629e-01 
7.5000000e-01	6.1677184e-01 
7.5500000e-01	6.1516698e-01 
7.6000000e-01	6.1356612e-01 
7.6500000e-01	6.1196300e-01 
7.7000000e-01	6.1034977e-01 
7.7500000e-01	6.0871738e-01 
7.8000000e-01	6.0705486e-01 
7.8500000e-01	6.0534966e-01 
7.9000000e-01	6.0358714e-01 
7.9500000e-01	6.0174955e-01 
8.0000000e-01	5.9981685e-01 
8.0500000e-01	5.9776535e-01 
8.1000000e-01	5.9556735e-01 
8.1500000e-01	5.9319149e-01 
8.2000000e-01	5.9060085e-01 
8.2500000e-01	5.8775362e-01 
8.3000000e-01	5.8460155e-01 
8.3500000e-01	5.8109029e-01 
8.4000000e-01	5.7715817e-01 
8.4500000e-01	5.7273656e-01 
8.5000000e-01	5.6774916e-01 
8.5500000e-01	5.6211253e-01 
8.6000000e-01	5.5573610e-01 
8.6500000e-01	5.4852492e-01 
8.7000000e-01	5.4038005e-01 
8.7500000e-01	5.3120342e-01 
8.8000000e-01	5.2087710e-01 
8.8500000e-01	5.0925824e-01 
8.9000000e-01	4.9626585e-01 
8.9500000e-01	4.8184071e-01 
9.0000000e-01	4.6595109e-01 
9.0500000e-01	4.4860068e-01 
9.1000000e-01	4.2983475e-01 
9.1500000e-01	4.0974545e-01 
9.2000000e-01	3.8847528e-01 
9.2500000e-01	3.6621551e-01 
9.3000000e-01	3.4320303e-01 
9.3500000e-01	3.1971012e-01 
9.4000000e-01	2.9603379e-01 
9.4500000e-01	2.7248026e-01 
9.5000000e-01	2.4934881e-01 
9.5500000e-01	2.2691833e-01 
9.6000000e-01	2.0543337e-01 
9.6500000e-01	1.8509480e-01 
9.7000000e-01	1.6602369e-01 
9.7500000e-01	1.4840543e-01 
9.8000000e-01	1.3224883e-01 
9.8500000e-01	1.1754931e-01 
9.9000000e-01	1.0427134e-01 
9.9500000e-01	9.2355166e-02 
1.0000000e+00	8.1723366e-02 
1.0050000e+00	7.2286788e-02 
1.0100000e+00	6.3949714e-02 
1.0150000e+00	5.6614080e-02 
1.0200000e+00	5.0182770e-02 
1.0250000e+00	4.4562058e-02 
1.0300000e+00	3.9663303e-02 
1.0350000e+00	3.5404024e-02 
1.0400000e+00	3.1708476e-02 
1.0450000e+00	2.8507857e-02 
1.0500000e+00	2.5740237e-02 
1.0550000e+00	2.3350285e-02 
1.0600000e+00	2.1288885e-02 
1.0650000e+00	1.9512670e-02 
1.0700000e+00	1.7983519e-02 
1.0750000e+00	1.6668055e-02 
1.0800000e+00	1.5537148e-02 
1.0850000e+00	1.4565445e-02 
1.0900000e+00	1.3730932e-02 
1.0950000e+00	1.3014533e-02 
1.1000000e+00	1.2399748e-02 
1.1050000e+00	1.1872323e-02 
1.1100000e+00	1.1419961e-02 
1.1150000e+00	1.1032066e-02 
1.1200000e+00	1.0699513e-02 
1.1250000e+00	1.0414454e-02 
1.1300000e+00	1.0170139e-02 
1.1350000e+00	9.9607710e-03 
1.1400000e+00	9.7813685e-03 
1.1450000e+00	9.6276567e-03 
1.1500000e+00	9.4959664e-03 
1.1550000e+00	9.3831502e-03 
1.1600000e+00	9.2865082e-03 
1.1650000e+00	9.2037256e-03 
1.1700000e+00	9.1328177e-03 
1.1750000e+00	9.0720832e-03 
1.1800000e+00	9.0200640e-03 
1.1850000e+00	8.9755107e-03 
1.1900000e+00	8.9373526e-03 
1.1950000e+00	8.9046723e-03 
1.2000000e+00	8.8766840e-03 
1.2050000e+00	8.8527142e-03 
1.2100000e+00	8.8321863e-03 
1.2150000e+00	8.8146062e-03 
1.2200000e+00	8.7995508e-03 
1.2250000e+00	8.7866575e-03 
1.2300000e+00	8.7756160e-03 
1.2350000e+00	8.7661602e-03 
1.2400000e+00	8.7580626e-03 
1.2450000e+00	8.7511281e-03 
1.2500000e+00	8.7451896e-03 
1.2550000e+00	8.7401041e-03 
1.2600000e+00	8.7357491e-03 
1.2650000e+00	8.7320196e-03 
1.2700000e+00	8.7288258e-03 
1.2750000e+00	8.7260908e-03 
1.2800000e+00	8.7237487e-03 
1.2850000e+00	8.7217430e-03 
