+0.0000000	+0.5831246 
+0.0039063	+0.5580179 
+0.0078125	+0.5335034 
+0.0117188	+0.5095693 
+0.0156250	+0.4862045 
+0.0195313	+0.4633980 
+0.0234375	+0.4411388 
+0.0273438	+0.4194164 
+0.0312500	+0.3982203 
+0.0351563	+0.3775403 
+0.0390625	+0.3573664 
+0.0429688	+0.3376887 
+0.0468750	+0.3184976 
+0.0507813	+0.2997837 
+0.0546875	+0.2815377 
+0.0585938	+0.2637504 
+0.0625000	+0.2464130 
+0.0664063	+0.2295167 
+0.0703125	+0.2130530 
+0.0742188	+0.1970133 
+0.0781250	+0.1813895 
+0.0820313	+0.1661734 
+0.0859375	+0.1513571 
+0.0898438	+0.1369329 
+0.0937500	+0.1228930 
+0.0976563	+0.1092300 
+0.1015625	+0.0959366 
+0.1054688	+0.0830055 
+0.1093750	+0.0704296 
+0.1132813	+0.0582021 
+0.1171875	+0.0463161 
+0.1210938	+0.0347650 
+0.1250000	+0.0235422 
+0.1289063	+0.0126413 
+0.1328125	+0.0020559 
+0.1367188	-0.0082199 
+0.1406250	-0.0181925 
+0.1445313	-0.0278676 
+0.1484375	-0.0372511 
+0.1523438	-0.0463487 
+0.1562500	-0.0551660 
+0.1601563	-0.0637086 
+0.1640625	-0.0719817 
+0.1679688	-0.0799908 
+0.1718750	-0.0877410 
+0.1757813	-0.0952374 
+0.1796875	-0.1024850 
+0.1835938	-0.1094887 
+0.1875000	-0.1162532 
+0.1914063	-0.1227834 
+0.1953125	-0.1290839 
+0.1992188	-0.1351591 
+0.2031250	-0.1410136 
+0.2070313	-0.1466517 
+0.2109375	-0.1520777 
+0.2148438	-0.1572957 
+0.2187500	-0.1623101 
+0.2226563	-0.1671247 
+0.2265625	-0.1717435 
+0.2304688	-0.1761706 
+0.2343750	-0.1804096 
+0.2382813	-0.1844643 
+0.2421875	-0.1883384 
+0.2460938	-0.1920356 
+0.2500000	-0.1955594 
+0.2539063	-0.1989132 
+0.2578125	-0.2021005 
+0.2617188	-0.2051246 
+0.2656250	-0.2079889 
+0.2695313	-0.2106964 
+0.2734375	-0.2132505 
+0.2773438	-0.2156543 
+0.2812500	-0.2179107 
+0.2851563	-0.2200228 
+0.2890625	-0.2219935 
+0.2929688	-0.2238257 
+0.2968750	-0.2255223 
+0.3007813	-0.2270860 
+0.3046875	-0.2285196 
+0.3085938	-0.2298257 
+0.3125000	-0.2310070 
+0.3164063	-0.2320660 
+0.3203125	-0.2330054 
+0.3242188	-0.2338276 
+0.3281250	-0.2345350 
+0.3320313	-0.2351301 
+0.3359375	-0.2356152 
+0.3398438	-0.2359927 
+0.3437500	-0.2362648 
+0.3476563	-0.2364337 
+0.3515625	-0.2365017 
+0.3554688	-0.2364710 
+0.3593750	-0.2363436 
+0.3632813	-0.2361217 
+0.3671875	-0.2358072 
+0.3710938	-0.2354023 
+0.3750000	-0.2349088 
+0.3789063	-0.2343288 
+0.3828125	-0.2336642 
+0.3867188	-0.2329168 
+0.3906250	-0.2320885 
+0.3945313	-0.2311811 
+0.3984375	-0.2301964 
+0.4023438	-0.2291361 
+0.4062500	-0.2280021 
+0.4101563	-0.2267960 
+0.4140625	-0.2255194 
+0.4179688	-0.2241741 
+0.4218750	-0.2227616 
+0.4257813	-0.2212836 
+0.4296875	-0.2197416 
+0.4335938	-0.2181371 
+0.4375000	-0.2164718 
+0.4414063	-0.2147470 
+0.4453125	-0.2129644 
+0.4492188	-0.2111252 
+0.4531250	-0.2092311 
+0.4570313	-0.2072833 
+0.4609375	-0.2052832 
+0.4648438	-0.2032324 
+0.4687500	-0.2011320 
+0.4726563	-0.1989834 
+0.4765625	-0.1967881 
+0.4804688	-0.1945471 
+0.4843750	-0.1922619 
+0.4882813	-0.1899337 
+0.4921875	-0.1875638 
+0.4960938	-0.1851533 
+0.5000000	-0.1827035 
+0.5039063	-0.1802157 
+0.5078125	-0.1776909 
+0.5117188	-0.1751303 
+0.5156250	-0.1725352 
+0.5195313	-0.1699067 
+0.5234375	-0.1672459 
+0.5273438	-0.1645538 
+0.5312500	-0.1618318 
+0.5351563	-0.1590807 
+0.5390625	-0.1563018 
+0.5429688	-0.1534960 
+0.5468750	-0.1506645 
+0.5507813	-0.1478084 
+0.5546875	-0.1449286 
+0.5585938	-0.1420262 
+0.5625000	-0.1391022 
+0.5664063	-0.1361577 
+0.5703125	-0.1331936 
+0.5742188	-0.1302110 
+0.5781250	-0.1272109 
+0.5820313	-0.1241943 
+0.5859375	-0.1211621 
+0.5898438	-0.1181153 
+0.5937500	-0.1150550 
+0.5976563	-0.1119820 
+0.6015625	-0.1088973 
+0.6054688	-0.1058019 
+0.6093750	-0.1026968 
+0.6132813	-0.0995829 
+0.6171875	-0.0964612 
+0.6210938	-0.0933325 
+0.6250000	-0.0901979 
+0.6289063	-0.0870582 
+0.6328125	-0.0839145 
+0.6367188	-0.0807677 
+0.6406250	-0.0776186 
+0.6445313	-0.0744683 
+0.6484375	-0.0713176 
+0.6523438	-0.0681676 
+0.6562500	-0.0650190 
+0.6601563	-0.0618730 
+0.6640625	-0.0587303 
+0.6679688	-0.0555920 
+0.6718750	-0.0524590 
+0.6757813	-0.0493322 
+0.6796875	-0.0462125 
+0.6835938	-0.0431010 
+0.6875000	-0.0399986 
+0.6914063	-0.0369061 
+0.6953125	-0.0338247 
+0.6992188	-0.0307552 
+0.7031250	-0.0276985 
+0.7070313	-0.0246558 
+0.7109375	-0.0216279 
+0.7148438	-0.0186158 
+0.7187500	-0.0156206 
+0.7226563	-0.0126431 
+0.7265625	-0.0096845 
+0.7304688	-0.0067457 
+0.7343750	-0.0038277 
+0.7382813	-0.0009316 
+0.7421875	+0.0019416 
+0.7460938	+0.0047909 
+0.7500000	+0.0076152 
+0.7539063	+0.0104135 
+0.7578125	+0.0131847 
+0.7617188	+0.0159276 
+0.7656250	+0.0186413 
+0.7695313	+0.0213246 
+0.7734375	+0.0239765 
+0.7773438	+0.0265957 
+0.7812500	+0.0291950 
+0.7851563	+0.0318807 
+0.7890625	+0.0347970 
+0.7929688	+0.0380885 
+0.7968750	+0.0418998 
+0.8007813	+0.0463757 
+0.8046875	+0.0516615 
+0.8085938	+0.0579026 
+0.8125000	+0.0652446 
+0.8164063	+0.0738339 
+0.8203125	+0.0838172 
+0.8242188	+0.0953415 
+0.8281250	+0.1085549 
+0.8320313	+0.1236057 
+0.8359375	+0.1406430 
+0.8398438	+0.1598168 
+0.8437500	+0.1812778 
+0.8476563	+0.2051777 
+0.8515625	+0.2316688 
+0.8554688	+0.2609049 
+0.8593750	+0.2930403 
+0.8632813	+0.3282308 
+0.8671875	+0.3666333 
+0.8710938	+0.4084057 
+0.8750000	+0.4537075 
+0.8789063	+0.5026993 
+0.8828125	+0.5555433 
+0.8867188	+0.6124029 
+0.8906250	+0.6734434 
+0.8945313	+0.7388313 
+0.8984375	+0.8087351 
+0.9023438	+0.8833249 
+0.9062500	+0.9627725 
+0.9101563	+1.0472217 
+0.9140625	+1.1344353 
+0.9179688	+1.2180930 
+0.9218750	+1.2914722 
+0.9257813	+1.3478466 
+0.9296875	+1.3804831 
+0.9335938	+1.3826397 
+0.9375000	+1.3475627 
+0.9414063	+1.2693627 
+0.9453125	+1.1544808 
+0.9492188	+1.0184560 
+0.9531250	+0.8770324 
+0.9570313	+0.7459518 
+0.9609375	+0.6376519 
+0.9648438	+0.5516599 
+0.9687500	+0.4843585 
+0.9726563	+0.4321376 
+0.9765625	+0.3913926 
+0.9804688	+0.3585235 
+0.9843750	+0.3299333 
+0.9882813	+0.3020265 
+0.9921875	+0.2712079 
+0.9960938	+0.2338813 
+1.0000000	+0.1864480 
+1.0100000	+0.0067070 
+1.0200000	+0.0001251 
+1.0300000	+0.0000023 
+1.0400000	+0.0000000 
+1.0500000	+0.0000000 
+1.0600000	+0.0000000 
+1.0700000	+0.0000000 
+1.0800000	+0.0000000 
+1.0900000	+0.0000000 
+1.1000000	+0.0000000 
+1.1500000	+0.0000000 
+1.2000000	+0.0000000 
+1.2500000	+0.0000000 
+1.3000000	+0.0000000 
